y=0.02857*x-1.42857
slope = 1/0.02857 = 35.0
x_toe = 50 m
